 0.07775
  0.1393
  0.1003
  0.1025
    0.12
 0.09436
 0.09048
 0.07375
  0.1171
 0.08352
 0.09606
 0.07608
 0.08507
 0.08451
   0.105
  0.1245
   0.106
 0.07713
  0.1116
  0.1871
 0.09347
  0.1019
  0.1266
  0.1833
  0.1105
   0.132
  0.1301
  0.1024
  0.1502
  0.2141
  0.1598
  0.1176
   0.125
  0.1919
  0.1196
  0.2102
  0.1716
  0.2397
    0.31
  0.7148
  0.2347
  0.2949
  0.2256
       1
  0.1623
  0.1888
  0.1155
  0.1727
  0.1248
  0.2069
 0.08733
  0.1518
  0.1233
  0.2218
 0.07764
  0.1009
  0.1017
  0.1151
  0.1022
  0.1473
  0.1142
 0.08837
  0.1087
  0.1414
  0.1411
  0.1085
 0.08994
  0.1095
  0.1185
  0.1262
  0.1057
  0.1059
   0.102
 0.07682
 0.09502
  0.1006
 0.09865
 0.09372
  0.1075
 0.09779
 0.09627
 0.08762
  0.1338
 0.09389
 0.08636
  0.1347
   0.109
 0.08966
  0.1093
  0.1264
  0.1085
 0.09129
  0.1068
 0.09016
 0.09998
 0.08531
  0.1222
  0.1153
   0.109
  0.1172
