-0.000439
-0.0006794
-0.0004733
-0.0009515
-0.001686
 4.353e-005
-0.0001206
 0.0005564
 0.002192
 0.0008087
 0.0009851
 0.0008622
 0.0009156
 0.000673
-0.001044
 6.908e-005
-0.0007556
 0.0006967
-0.0001819
-0.0006444
-0.0007231
-0.0005166
 0.000558
-0.0002448
 8.952e-005
 0.001262
-0.0007055
 1.864e-006
 0.001108
 0.0008926
-0.002901
-0.002155
 0.0002261
-0.0004704
-0.0003355
 0.004285
 0.01741
 0.05446
  0.1443
   0.314
  0.5617
  0.8213
   0.984
  0.9658
  0.7757
  0.5184
  0.3202
  0.2833
  0.4578
  0.7675
  0.9886
  0.9217
  0.6172
  0.2998
  0.1018
  0.0239
 0.005209
 0.0001706
-0.001152
-0.001034
-1.917e-005
 3.197e-005
 0.0002649
 0.0004915
 0.0002383
-0.0006845
-0.001615
 0.001411
 0.0009715
-0.001156
 0.0001437
 0.001697
-0.0003203
-0.002031
-0.001411
-0.001325
-0.0005171
 6.207e-005
-0.0005958
-0.0003307
 0.0005391
 0.0002186
 0.000405
-0.001156
-0.001105
-0.001103
-0.0004073
-0.001313
-0.00284
 0.001276
 0.0007911
 0.0001429
-0.001006
-0.000927
-0.000878
 0.0002777
-0.0004022
 0.001302
-0.001378
 0.0003803
